[gd_scene load_steps=13 format=3 uid="uid://b257w5n0w77vs"]

[ext_resource type="PackedScene" uid="uid://4j08f75jksn7" path="res://Levels/base_level.tscn" id="1_ll1bl"]
[ext_resource type="MeshLibrary" uid="uid://c813du6ewh6lj" path="res://Scenes/mesh_library.tres" id="2_bcgyv"]
[ext_resource type="PackedScene" uid="uid://bnf8ek5288hyi" path="res://Scenes/Environment/fire_diamond.tscn" id="2_pml6m"]
[ext_resource type="AudioStream" uid="uid://casf3441opteu" path="res://Assets/Audio/ambient_music_fast.ogg" id="2_vltsr"]
[ext_resource type="PackedScene" uid="uid://bu2d2ymp8mdx7" path="res://Scenes/Environment/magma.tscn" id="3_fbld2"]
[ext_resource type="PackedScene" uid="uid://tcv1x6gfbx4l" path="res://Scenes/Environment/water_diamond.tscn" id="3_vltsr"]
[ext_resource type="PackedScene" uid="uid://x710s8hwygrm" path="res://Scenes/Environment/acid.tscn" id="4_s275v"]
[ext_resource type="PackedScene" uid="uid://skgs00m22e02" path="res://Scenes/Environment/torch.tscn" id="5_fbld2"]
[ext_resource type="PackedScene" uid="uid://bl6pvp3doisa2" path="res://Scenes/Environment/pressure_plate.tscn" id="5_pml6m"]
[ext_resource type="PackedScene" uid="uid://1jp3bsjtant5" path="res://Scenes/Environment/fireboy_finish_door.tscn" id="9_qeqk5"]
[ext_resource type="PackedScene" uid="uid://6d4po25kgf1q" path="res://Scenes/Environment/watergirl_finish_door.tscn" id="10_1soli"]
[ext_resource type="PackedScene" uid="uid://7tuthrgr3twg" path="res://Scenes/Environment/lockable_door.tscn" id="12_1soli"]

[node name="Level2" instance=ExtResource("1_ll1bl")]
background_music = ExtResource("2_vltsr")

[node name="Watergirl" parent="SplitScreen/LeftScreen/SubViewport" index="0"]
transform = Transform3D(1, 0, 0, 0, 1, 0, 0, 0, 1, 0, 0, 1.68981)

[node name="Fireboy" parent="SplitScreen/RightScreen/SubViewport" index="0"]
transform = Transform3D(1, 0, 0, 0, 1, 0, 0, 0, 1, -0.237846, 0, -6)

[node name="Scene" parent="." index="3"]
transform = Transform3D(1, 0, 0, 0, 1, 0, 0, 0, 1, 5.0101, 11.2383, -0.910139)

[node name="FireDiamond2" parent="Scene/Diamonds" index="0" instance=ExtResource("2_pml6m")]
transform = Transform3D(1, 0, 0, 0, 1, 0, 0, 0, 1, -22.7565, -8.04235, -3.94215)

[node name="FireDiamond4" parent="Scene/Diamonds" index="1" instance=ExtResource("2_pml6m")]
transform = Transform3D(1, 0, 0, 0, 1, 0, 0, 0, 1, -27.9343, -6.4981, 4.15606)

[node name="FireDiamond5" parent="Scene/Diamonds" index="2" instance=ExtResource("2_pml6m")]
transform = Transform3D(1, 0, 0, 0, 1, 0, 0, 0, 1, -38.6836, -6.4981, -3.80493)

[node name="FireDiamond7" parent="Scene/Diamonds" index="3" instance=ExtResource("2_pml6m")]
transform = Transform3D(1, 0, 0, 0, 1, 0, 0, 0, 1, -70.1587, -5.4981, -3.49605)

[node name="FireDiamond6" parent="Scene/Diamonds" index="4" instance=ExtResource("2_pml6m")]
transform = Transform3D(1, 0, 0, 0, 1, 0, 0, 0, 1, -33.4486, -4.40597, -0.976636)

[node name="FireDiamond3" parent="Scene/Diamonds" index="5" instance=ExtResource("2_pml6m")]
transform = Transform3D(1, 0, 0, 0, 1, 0, 0, 0, 1, -44.8502, -8.04235, -3.71)

[node name="WaterDiamond" parent="Scene/Diamonds" index="6" instance=ExtResource("3_vltsr")]
transform = Transform3D(1, 0, 0, 0, 1, 0, 0, 0, 1, -22.4949, -8.14534, 4.1794)

[node name="WaterDiamond5" parent="Scene/Diamonds" index="7" instance=ExtResource("3_vltsr")]
transform = Transform3D(1, 0, 0, 0, 1, 0, 0, 0, 1, -33.233, -4.51388, 1.61479)

[node name="WaterDiamond3" parent="Scene/Diamonds" index="8" instance=ExtResource("3_vltsr")]
transform = Transform3D(1, 0, 0, 0, 1, 0, 0, 0, 1, -28.781, -6.2295, -3.649)

[node name="WaterDiamond4" parent="Scene/Diamonds" index="9" instance=ExtResource("3_vltsr")]
transform = Transform3D(1, 0, 0, 0, 1, 0, 0, 0, 1, -38.2347, -6.27997, 3.958)

[node name="WaterDiamond6" parent="Scene/Diamonds" index="10" instance=ExtResource("3_vltsr")]
transform = Transform3D(1, 0, 0, 0, 1, 0, 0, 0, 1, -70.2417, -5.25174, 2.24659)

[node name="WaterDiamond2" parent="Scene/Diamonds" index="11" instance=ExtResource("3_vltsr")]
transform = Transform3D(1, 0, 0, 0, 1, 0, 0, 0, 1, -44.5863, -8.14534, 3.80068)

[node name="GridMap" type="GridMap" parent="Scene" index="2"]
transform = Transform3D(1, 0, 0, 0, 1, 0, 0, 0, 1, 0.607204, -6.14043, 3.02391)
mesh_library = ExtResource("2_bcgyv")
data = {
"cells": PackedInt32Array(-131081, 65531, 0, -131077, 1, 0, -131076, 1, 1441814, -131075, 2, 655370, -131076, 2, 655379, -131081, 65535, 0, -131081, 0, 655360, -131075, 0, 0, -131076, 65535, 0, -131077, 65535, 0, -131077, 65534, 655370, -131080, 65531, 0, -131078, 65530, 655370, -131077, 65530, 655370, -131073, 65531, 33, -196608, 1, 1441802, -196608, 65535, 1441802, -131076, 0, 1441803, -131073, 1, 655360, -131081, 1, 655360, -131073, 2, 655370, -196608, 2, 1441811, -131075, 1, 655360, -131073, 65535, 655360, -131075, 65535, 655360, -131079, 65534, 655370, -131077, 2, 655370, -131078, 2, 655370, -131080, 2, 655370, -131082, 2, 655370, -131084, 2, 655370, -131086, 2, 655370, -131075, 65531, 1441792, -131084, 65530, 655377, -131086, 65530, 655370, -196618, 65530, 655360, -196618, 65531, 655360, -196618, 65532, 655360, -196618, 65533, 655360, -196619, 65533, 655360, -196619, 65534, 655360, -196619, 65535, 655360, -196618, 65535, 655360, -196617, 65534, 655360, -196617, 65535, 655360, -196617, 0, 655360, -196617, 1, 655360, -196616, 1, 655360, -196615, 1, 655360, -196614, 1, 655360, -196614, 0, 655360, -196613, 0, 655360, -196614, 65535, 655360, -196613, 65535, 655360, -196613, 65534, 655360, -196613, 65533, 655360, -196613, 65532, 655360, -196614, 65532, 655360, -196614, 65529, 655360, -196616, 65530, 655360, -196617, 65530, 655360, -196617, 65531, 655360, -196616, 65535, 655360, -196616, 0, 655360, -196618, 0, 655360, -196617, 65533, 655360, -196616, 65529, 655360, -196617, 65529, 655360, -196618, 65529, 655360, -196619, 65530, 655360, -196620, 65530, 655360, -196620, 65531, 655360, -196621, 65531, 655360, -196621, 65530, 655360, -196619, 65529, 655360, -196621, 65529, 655360, -196622, 65529, 655360, -196622, 65530, 655360, -196622, 65531, 655360, -196622, 65532, 655360, -196622, 65533, 655360, -196622, 65534, 655360, -196622, 65535, 655360, -196622, 0, 655360, -196622, 1, 655360, -196621, 1, 655360, -196620, 1, 655360, -196619, 1, 655360, -196619, 0, 655360, -196619, 65532, 655360, -196620, 65532, 655360, -196620, 65533, 655360, -196620, 65534, 655360, -196620, 65535, 655360, -196624, 65529, 655360, -196624, 65530, 655360, -196624, 65531, 655360, -196624, 65532, 655360, -196624, 65533, 655360, -196624, 65534, 655360, -196624, 65535, 655360, -196624, 0, 655360, -196624, 1, 655360, -196625, 1, 655360, -196625, 0, 655360, -196625, 65535, 655360, -196625, 65534, 655360, -196625, 65533, 655360, -196625, 65532, 655360, -196625, 65531, 655360, -196625, 65530, 655360, -196625, 65529, 655360, -196626, 65530, 655360, -196626, 65529, 655360, -196626, 65531, 655360, -196626, 65532, 655360, -196626, 65533, 655360, -196626, 65534, 655360, -196626, 65535, 655360, -196626, 1, 655360, -196626, 2, 655360, -131088, 2, 655370, -131090, 2, 655370, -131089, 65530, 655370, -131090, 65530, 655370, -131082, 65530, 655377, -131087, 65530, 655370, -131080, 65530, 655370, -131073, 65530, 655370, -196608, 65530, 19, -131098, 1, 1048576, -131098, 3, 5, -131099, 1, 5, -131099, 2, 5, -131099, 3, 5, -131100, 2, 17, -131100, 3, 5, -131092, 65530, 18, -131094, 65530, 17, -131096, 65530, 17, -131092, 2, 17, -131094, 2, 17, -131099, 65530, 35, -1, 65530, 14, -3, 65530, 14, -5, 65530, 17, -7, 65530, 14, -9, 65530, 17, -11, 65530, 14, -13, 65530, 17, -17, 65530, 17, -21, 65530, 17, -15, 65530, 14, -19, 65530, 14, -23, 65530, 14, -24, 65530, 23, -24, 2, 23, -23, 2, 14, -21, 2, 17, -19, 2, 14, -17, 2, 17, -13, 2, 17, -9, 2, 17, -5, 2, 17, -1, 2, 17, -15, 2, 14, -11, 2, 14, -7, 2, 14, -3, 2, 14, -65536, 65531, 1441808, -65536, 65533, 1441808, -65536, 65535, 1441808, -65536, 1, 1441808, -65536, 2, 1441811, -65536, 65530, 19, 65536, 1, 1441802, 65536, 65535, 1441802, 65536, 65533, 1441802, 65536, 65531, 1441802, 131071, 65530, 655374, 131069, 65530, 655374, 131065, 65530, 655377, 131061, 65530, 655377, 131057, 65530, 655377, 131067, 65530, 655374, 131063, 65530, 655374, 131059, 65530, 655374, 131071, 2, 655374, 131067, 2, 655374, 131063, 2, 655374, 131059, 2, 655374, 131069, 2, 655370, 131065, 2, 655370, 131061, 2, 655370, 131053, 65530, 655370, 131049, 65530, 655370, 131055, 65530, 655374, 131051, 65530, 655374, 131047, 65530, 655384, 131057, 2, 655377, 131053, 2, 655377, 131049, 2, 655377, 131055, 2, 655374, 131051, 2, 655374, 131048, 2, 655382, -131101, 2, 1441827, -131101, 3, 1441827, -131102, 3, 1048583, -131102, 2, 13, -131102, 65530, 13, -131105, 65532, 1048585, -131105, 65535, 1048585, -34, 65535, 1048576, -36, 65532, 1048576, -36, 65535, 1048576, -131103, 65530, 1048597, -131103, 65534, 1441811, -131103, 2, 1048611, -131103, 3, 1048611, -26, 65530, 14, -31, 2, 655381, -31, 65530, 1048597, -26, 2, 14, -29, 65530, 14, -28, 65530, 22, -28, 2, 22, -29, 2, 14, -31, 0, 1441814, -32, 65531, 655370, -32, 0, 655370, -34, 0, 13, -36, 65531, 13, -36, 0, 13, -32, 65533, 13, -32, 65534, 13, -34, 65533, 13, -34, 65534, 13, -36, 65533, 13, -36, 65534, 13, -131109, 65532, 1441801, -131109, 65535, 1441801, -38, 65533, 655370, -38, 65534, 655370, -39, 65534, 1048598, -38, 65531, 10, -38, 0, 10, -131112, 65532, 0, -131112, 65534, 0, -131112, 65535, 0, -131114, 65532, 0, -131114, 65534, 0, -131114, 65535, 0, -131116, 65532, 0, -131116, 65534, 0, -131116, 65535, 0, -131112, 0, 13, -131112, 65531, 13, -131114, 0, 18, -131114, 65531, 18, -131116, 65531, 22, -131116, 0, 22, -40, 0, 14, -40, 65531, 14, -42, 0, 17, -42, 65531, 17, -45, 0, 655380, -45, 65531, 1048596, -44, 65531, 22, -44, 0, 22, -65548, 65532, 0, -65548, 0, 0, -15, 65532, 0, -15, 0, 0, -20, 65532, 0, -20, 0, 0, -65559, 65532, 0, -65559, 0, 0, 65519, 65535, 35, 65519, 65534, 35, 65519, 65533, 35, 65518, 65533, 35, 65518, 65534, 35, 65518, 65535, 35, -131080, 65534, 26, -196598, 65531, 6, -196608, 65531, 1048586, -131074, 1, 7, -131077, 0, 6, -131079, 65533, 2, -131081, 65534, 7, -131081, 65533, 1441792, -131080, 65533, 0, -34, 65531, 13, -34, 65532, 1048576, -45, 65534, 1048593, -45, 65533, 1048598, -131116, 65533, 0, -131114, 65533, 0, -131112, 65533, 0, -131111, 65533, 1441814, -131103, 1, 1048586, -131103, 65533, 19, -131098, 65530, 13, -131102, 65534, 1048576, -131102, 65532, 1048576, -131102, 65531, 1048576, -131101, 0, 1048576, -131102, 0, 1048576, -131102, 1, 1048576, -131101, 1, 1048576, -131100, 0, 1048576, -131099, 0, 1048576, -131098, 65531, 1048576, -131100, 1, 1048576, -131100, 65530, 13, -131099, 65531, 1048576, -131100, 65531, 1048576, -131098, 65532, 1441792, -131098, 65534, 1441792, -131098, 0, 1441792, -131100, 65534, 1441794, -131100, 65532, 1441792, -262172, 65535, 1441792, -196636, 65534, 1441792, -31, 65534, 1441820, -31, 65533, 1441820, -131096, 2, 18, -131098, 2, 13, -131084, 5, 1048576, -131084, 6, 1048576, -131117, 65531, 22, -131117, 0, 22, -131118, 65529, 26, -131123, 65533, 26, -131117, 65533, 1441814, -131078, 65533, 0, -131077, 65533, 8, -131078, 65531, 1441792, -131077, 65531, 1441792, -131074, 65530, 0, -196608, 65533, 1441802, -131073, 65532, 1441792, -131073, 65533, 1441792, -131075, 65533, 1441792, -131074, 65532, 1441792, -131076, 65532, 1441792, -131076, 65533, 1441792, -131076, 65534, 1441802, -131075, 65530, 655370, -131076, 65531, 1048598, -131075, 65534, 655376, -131073, 65534, 655373, -1, 65531, 1048576, -1, 65533, 1048576, -3, 65531, 1048576, -3, 65533, 1048576)
}
metadata/_editor_floor_ = Vector3(-4, -1, 0)

[node name="Magma" parent="Scene/GridMap" index="0" instance=ExtResource("3_fbld2")]
transform = Transform3D(-0.0092569, 0, -1.33081, 0, 1.60662, 0, 2.3999, 0, -0.0051332, -12.8564, -5.83473, 1.04719)

[node name="Acid" parent="Scene/GridMap" index="1" instance=ExtResource("4_s275v")]
transform = Transform3D(0.0603973, 0, 0, 0, 0.602399, 0, 0, 0, 0.0940444, -22.1826, -4.98523, 3.13223)
metadata/_edit_group_ = true

[node name="Acid2" parent="Scene/GridMap" index="2" instance=ExtResource("4_s275v")]
transform = Transform3D(0.0603973, 0, 0, 0, 0.602399, 0, 0, 0, 0.0940444, -22.1826, -4.98523, 3.13223)
metadata/_edit_group_ = true

[node name="Acid13" parent="Scene/GridMap" index="3" instance=ExtResource("4_s275v")]
transform = Transform3D(0.0603973, 0, 0, 0, 0.602399, 0, 0, 0, 0.0940444, -24.9384, -4.98523, 3.13223)
metadata/_edit_group_ = true

[node name="Acid14" parent="Scene/GridMap" index="4" instance=ExtResource("4_s275v")]
transform = Transform3D(0.0603973, 0, 0, 0, 0.602399, 0, 0, 0, 0.0940444, -30.9575, -4.98523, 3.13223)
metadata/_edit_group_ = true

[node name="Acid15" parent="Scene/GridMap" index="5" instance=ExtResource("4_s275v")]
transform = Transform3D(0.0603973, 0, 0, 0, 0.602399, 0, 0, 0, 0.0940444, -30.9575, -4.98523, -4.99268)
metadata/_edit_group_ = true

[node name="Acid16" parent="Scene/GridMap" index="6" instance=ExtResource("4_s275v")]
transform = Transform3D(0.0603973, 0, 0, 0, 0.602399, 0, 0, 0, 0.0940444, -25.8765, -4.98523, -4.99268)
metadata/_edit_group_ = true

[node name="Acid4" parent="Scene/GridMap" index="7" instance=ExtResource("4_s275v")]
transform = Transform3D(0.0603973, 0, 0, 0, 0.602399, 0, 0, 0, 0.0940444, -28.0297, -4.98523, 3.13223)
metadata/_edit_group_ = true

[node name="Acid10" parent="Scene/GridMap" index="8" instance=ExtResource("4_s275v")]
transform = Transform3D(0.0603973, 0, 0, 0, 0.602399, 0, 0, 0, 0.0940444, -28.0297, -4.98523, 3.13223)
metadata/_edit_group_ = true

[node name="Acid6" parent="Scene/GridMap" index="9" instance=ExtResource("4_s275v")]
transform = Transform3D(0.0603973, 0, 0, 0, 0.602399, 0, 0, 0, 0.0940444, -33.9811, -4.98523, 3.13223)
metadata/_edit_group_ = true

[node name="Acid9" parent="Scene/GridMap" index="10" instance=ExtResource("4_s275v")]
transform = Transform3D(0.0603973, 0, 0, 0, 0.602399, 0, 0, 0, 0.0940444, -33.9811, -4.98523, 3.13223)
metadata/_edit_group_ = true

[node name="Acid17" parent="Scene/GridMap" index="11" instance=ExtResource("4_s275v")]
transform = Transform3D(0.0603973, 0, 0, 0, 0.602399, 0, 0, 0, 0.0940444, -39.8233, -4.98523, 3.13223)
metadata/_edit_group_ = true

[node name="Acid22" parent="Scene/GridMap" index="12" instance=ExtResource("4_s275v")]
transform = Transform3D(0.0603973, 0, 0, 0, 0.602399, 0, 0, 0, 0.0940444, -39.8233, -4.98523, 3.13223)
metadata/_edit_group_ = true

[node name="Acid18" parent="Scene/GridMap" index="13" instance=ExtResource("4_s275v")]
transform = Transform3D(0.0603973, 0, 0, 0, 0.602399, 0, 0, 0, 0.0940444, -39.8233, -4.98523, -6.15755)
metadata/_edit_group_ = true

[node name="Acid23" parent="Scene/GridMap" index="14" instance=ExtResource("4_s275v")]
transform = Transform3D(0.0603973, 0, 0, 0, 0.602399, 0, 0, 0, 0.0940444, -39.8233, -4.98523, -6.15755)
metadata/_edit_group_ = true

[node name="Acid25" parent="Scene/GridMap" index="15" instance=ExtResource("4_s275v")]
transform = Transform3D(0.0603973, 0, 0, 0, 0.602399, 0, 0, 0, 0.0940444, -38.3767, -4.98523, -6.15755)
metadata/_edit_group_ = true

[node name="Acid26" parent="Scene/GridMap" index="16" instance=ExtResource("4_s275v")]
transform = Transform3D(0.0603973, 0, 0, 0, 0.602399, 0, 0, 0, 0.0940444, -38.3767, -4.98523, 2.00356)
metadata/_edit_group_ = true

[node name="Acid19" parent="Scene/GridMap" index="17" instance=ExtResource("4_s275v")]
transform = Transform3D(0.0603973, 0, 0, 0, 0.602399, 0, 0, 0, 0.0940444, -45.5183, -4.98524, -6.15755)
metadata/_edit_group_ = true

[node name="Acid24" parent="Scene/GridMap" index="18" instance=ExtResource("4_s275v")]
transform = Transform3D(0.0603973, 0, 0, 0, 0.602399, 0, 0, 0, 0.0940444, -45.316, -4.98524, -6.15755)
metadata/_edit_group_ = true

[node name="Acid27" parent="Scene/GridMap" index="19" instance=ExtResource("4_s275v")]
transform = Transform3D(0.0603973, 0, 0, 0, 0.602399, 0, 0, 0, 0.0940444, -45.993, -4.98524, -6.15755)
metadata/_edit_group_ = true

[node name="Acid28" parent="Scene/GridMap" index="20" instance=ExtResource("4_s275v")]
transform = Transform3D(0.0603973, 0, 0, 0, 0.602399, 0, 0, 0, 0.0940444, -45.9458, -4.98524, 3.03862)
metadata/_edit_group_ = true

[node name="Acid20" parent="Scene/GridMap" index="21" instance=ExtResource("4_s275v")]
transform = Transform3D(0.0603973, 0, 0, 0, 0.602399, 0, 0, 0, 0.0940444, -45.6301, -4.98523, 2.96959)
metadata/_edit_group_ = true

[node name="Acid21" parent="Scene/GridMap" index="22" instance=ExtResource("4_s275v")]
transform = Transform3D(0.0603973, 0, 0, 0, 0.602399, 0, 0, 0, 0.0940444, -45.6301, -4.98523, 2.96959)
metadata/_edit_group_ = true

[node name="Acid7" parent="Scene/GridMap" index="23" instance=ExtResource("4_s275v")]
transform = Transform3D(0.0603973, 0, 0, 0, 0.602399, 0, 0, 0, 0.0940444, -33.9086, -4.98523, -5.67221)
metadata/_edit_group_ = true

[node name="Acid8" parent="Scene/GridMap" index="24" instance=ExtResource("4_s275v")]
transform = Transform3D(0.0603973, 0, 0, 0, 0.602399, 0, 0, 0, 0.0940444, -33.9086, -4.98523, -5.67221)
metadata/_edit_group_ = true

[node name="Acid5" parent="Scene/GridMap" index="25" instance=ExtResource("4_s275v")]
transform = Transform3D(0.0603973, 0, 0, 0, 0.602399, 0, 0, 0, 0.0940444, -28.0297, -4.98523, -6.1824)
metadata/_edit_group_ = true

[node name="Acid11" parent="Scene/GridMap" index="26" instance=ExtResource("4_s275v")]
transform = Transform3D(0.0603973, 0, 0, 0, 0.602399, 0, 0, 0, 0.0940444, -28.0297, -4.98523, -6.1824)
metadata/_edit_group_ = true

[node name="Acid3" parent="Scene/GridMap" index="27" instance=ExtResource("4_s275v")]
transform = Transform3D(0.0603973, 0, 0, 0, 0.602399, 0, 0, 0, 0.0940444, -22.1826, -4.98523, -6.10054)
metadata/_edit_group_ = true

[node name="Acid12" parent="Scene/GridMap" index="28" instance=ExtResource("4_s275v")]
transform = Transform3D(0.0603973, 0, 0, 0, 0.602399, 0, 0, 0, 0.0940444, -22.1826, -4.98523, -6.10054)
metadata/_edit_group_ = true

[node name="Torch6" parent="Scene/GridMap" index="29" instance=ExtResource("5_fbld2")]
transform = Transform3D(0.999936, -0.0113444, 0, 0.0113444, 0.999936, 0, 0, 0, 1, -25.2817, 1.108, -10.7035)

[node name="Torch11" parent="Scene/GridMap" index="30" instance=ExtResource("5_fbld2")]
transform = Transform3D(0.999936, -0.0113444, 0, 0.0113444, 0.999936, 0, 0, 0, 1, -33.4098, 1.108, -10.7035)

[node name="Torch12" parent="Scene/GridMap" index="31" instance=ExtResource("5_fbld2")]
transform = Transform3D(0.999936, -0.0113444, 0, 0.0113444, 0.999936, 0, 0, 0, 1, -41.4926, 1.108, -10.7035)

[node name="Torch18" parent="Scene/GridMap" index="32" instance=ExtResource("5_fbld2")]
transform = Transform3D(-0.947356, 0.0107479, -0.320001, 0.0113444, 0.999936, -4.22655e-10, 0.319981, -0.00363022, -0.947417, -40.8559, 0.785419, 4.73498)

[node name="Torch19" parent="Scene/GridMap" index="33" instance=ExtResource("5_fbld2")]
transform = Transform3D(-0.947356, 0.0107479, -0.320001, 0.0113444, 0.999936, -4.22655e-10, 0.319981, -0.00363022, -0.947417, -48.0353, 0.785419, 4.73498)

[node name="Torch37" parent="Scene/GridMap" index="34" instance=ExtResource("5_fbld2")]
transform = Transform3D(-0.947356, 0.0107479, -0.320001, 0.0113444, 0.999936, -4.22655e-10, 0.319981, -0.00363022, -0.947417, -53.9421, 0.785419, 4.73498)

[node name="Torch38" parent="Scene/GridMap" index="35" instance=ExtResource("5_fbld2")]
transform = Transform3D(-0.947356, 0.0107479, -0.320001, 0.0113444, 0.999936, -4.22655e-10, 0.319981, -0.00363022, -0.947417, -54.9358, -3.63905, 4.73498)

[node name="Torch39" parent="Scene/GridMap" index="36" instance=ExtResource("5_fbld2")]
transform = Transform3D(-0.947356, 0.0107479, -0.320001, 0.0113444, 0.999936, -4.22655e-10, 0.319981, -0.00363022, -0.947417, -47.0741, -3.63905, 4.73498)

[node name="Torch40" parent="Scene/GridMap" index="37" instance=ExtResource("5_fbld2")]
transform = Transform3D(-0.947356, 0.0107479, -0.320001, 0.0113444, 0.999936, -4.22655e-10, 0.319981, -0.00363022, -0.947417, -34.2581, -3.63905, 4.73498)

[node name="Torch22" parent="Scene/GridMap" index="38" instance=ExtResource("5_fbld2")]
transform = Transform3D(-0.947356, 0.0107479, -0.320001, 0.0113444, 0.999936, -4.22655e-10, 0.319981, -0.00363022, -0.947417, -44.4488, 4.49787, 4.73498)

[node name="Torch23" parent="Scene/GridMap" index="39" instance=ExtResource("5_fbld2")]
transform = Transform3D(-0.947356, 0.0107479, -0.320001, 0.0113444, 0.999936, -4.22655e-10, 0.319981, -0.00363022, -0.947417, -36.7538, 4.49787, 4.73498)

[node name="Torch32" parent="Scene/GridMap" index="40" instance=ExtResource("5_fbld2")]
transform = Transform3D(-0.947356, 0.0107479, -0.320001, 0.0113444, 0.999936, -4.22655e-10, 0.319981, -0.00363022, -0.947417, -68.9459, 0.636059, 0.803319)

[node name="Torch33" parent="Scene/GridMap" index="41" instance=ExtResource("5_fbld2")]
transform = Transform3D(-0.947356, 0.0107479, -0.320001, 0.0113444, 0.999936, -4.22655e-10, 0.319981, -0.00363022, -0.947417, -68.9548, 0.721603, -5.16964)

[node name="Torch24" parent="Scene/GridMap" index="42" instance=ExtResource("5_fbld2")]
transform = Transform3D(-0.947356, 0.0107479, -0.320001, 0.0113444, 0.999936, -4.22655e-10, 0.319981, -0.00363022, -0.947417, -28.7754, 4.49787, 4.73498)

[node name="Torch25" parent="Scene/GridMap" index="43" instance=ExtResource("5_fbld2")]
transform = Transform3D(-0.947356, 0.0107479, -0.320001, 0.0113444, 0.999936, -4.22655e-10, 0.319981, -0.00363022, -0.947417, -20.9919, 4.49787, 4.73498)

[node name="Torch26" parent="Scene/GridMap" index="44" instance=ExtResource("5_fbld2")]
transform = Transform3D(-0.947356, 0.0107479, -0.320001, 0.0113444, 0.999936, -4.22655e-10, 0.319981, -0.00363022, -0.947417, -16.8539, 0.554057, 4.73498)

[node name="Torch27" parent="Scene/GridMap" index="45" instance=ExtResource("5_fbld2")]
transform = Transform3D(-0.947356, 0.0107479, -0.320001, 0.0113444, 0.999936, -4.22655e-10, 0.319981, -0.00363022, -0.947417, -9.15373, -3.63762, 4.73498)

[node name="Torch44" parent="Scene/GridMap" index="46" instance=ExtResource("5_fbld2")]
transform = Transform3D(-0.947356, 0.0107479, -0.320001, 0.0113444, 0.999936, -4.22655e-10, 0.319981, -0.00363022, -0.947417, -83.3176, -3.63762, 0.513184)

[node name="Torch45" parent="Scene/GridMap" index="47" instance=ExtResource("5_fbld2")]
transform = Transform3D(-0.947356, 0.0107479, -0.320001, 0.0113444, 0.999936, -4.22655e-10, 0.319981, -0.00363022, -0.947417, -83.3176, 0.813334, 0.513184)

[node name="Torch20" parent="Scene/GridMap" index="48" instance=ExtResource("5_fbld2")]
transform = Transform3D(-0.947356, 0.0107479, -0.320001, 0.0113444, 0.999936, -4.22655e-10, 0.319981, -0.00363022, -0.947417, -32.877, 0.785419, 4.73498)

[node name="Torch21" parent="Scene/GridMap" index="49" instance=ExtResource("5_fbld2")]
transform = Transform3D(-0.947356, 0.0107479, -0.320001, 0.0113444, 0.999936, -4.22655e-10, 0.319981, -0.00363022, -0.947417, -24.8239, 0.785419, 4.73498)

[node name="Torch13" parent="Scene/GridMap" index="50" instance=ExtResource("5_fbld2")]
transform = Transform3D(0.999936, -0.0113444, 0, 0.0113444, 0.999936, 0, 0, 0, 1, -37.3262, 4.76359, -10.7035)

[node name="Torch14" parent="Scene/GridMap" index="51" instance=ExtResource("5_fbld2")]
transform = Transform3D(0.999936, -0.0113444, 0, 0.0113444, 0.999936, 0, 0, 0, 1, -28.8691, 4.76359, -10.7035)

[node name="Torch30" parent="Scene/GridMap" index="52" instance=ExtResource("5_fbld2")]
transform = Transform3D(0.999936, -0.0113444, 0, 0.0113444, 0.999936, 0, 0, 0, 1, -28.8691, -3.43236, -10.7035)

[node name="Torch31" parent="Scene/GridMap" index="53" instance=ExtResource("5_fbld2")]
transform = Transform3D(0.999936, -0.0113444, 0, 0.0113444, 0.999936, 0, 0, 0, 1, -35.8498, -3.43236, -10.7035)

[node name="Torch34" parent="Scene/GridMap" index="54" instance=ExtResource("5_fbld2")]
transform = Transform3D(0.999936, -0.0113444, 0, 0.0113444, 0.999936, 0, 0, 0, 1, -53.1437, -3.43236, -10.7035)

[node name="Torch35" parent="Scene/GridMap" index="55" instance=ExtResource("5_fbld2")]
transform = Transform3D(0.999936, -0.0113444, 0, 0.0113444, 0.999936, 0, 0, 0, 1, -54.0514, 0.883488, -10.7035)

[node name="Torch36" parent="Scene/GridMap" index="56" instance=ExtResource("5_fbld2")]
transform = Transform3D(0.999936, -0.0113444, 0, 0.0113444, 0.999936, 0, 0, 0, 1, -56.972, -3.41278, -10.7035)

[node name="Torch15" parent="Scene/GridMap" index="57" instance=ExtResource("5_fbld2")]
transform = Transform3D(0.999936, -0.0113444, 0, 0.0113444, 0.999936, 0, 0, 0, 1, -21.1341, 4.76359, -10.7035)

[node name="Torch16" parent="Scene/GridMap" index="58" instance=ExtResource("5_fbld2")]
transform = Transform3D(0.999936, -0.0113444, 0, 0.0113444, 0.999936, 0, 0, 0, 1, -45.4809, 4.76359, -10.7035)

[node name="Torch17" parent="Scene/GridMap" index="59" instance=ExtResource("5_fbld2")]
transform = Transform3D(0.999936, -0.0113444, 0, 0.0113444, 0.999936, 0, 0, 0, 1, -13.8849, 4.76359, -10.7035)

[node name="Torch42" parent="Scene/GridMap" index="60" instance=ExtResource("5_fbld2")]
transform = Transform3D(0.999936, -0.0113444, 0, 0.0113444, 0.999936, 0, 0, 0, 1, -81.0308, -3.16701, -8.43345)

[node name="Torch43" parent="Scene/GridMap" index="61" instance=ExtResource("5_fbld2")]
transform = Transform3D(0.999936, -0.0113444, 0, 0.0113444, 0.999936, 0, 0, 0, 1, -85.5885, -3.16701, -8.43345)

[node name="Torch7" parent="Scene/GridMap" index="62" instance=ExtResource("5_fbld2")]
transform = Transform3D(0.999936, -0.0113444, 0, 0.0113444, 0.999936, 0, 0, 0, 1, -18.1057, 1.108, -10.7035)

[node name="Torch8" parent="Scene/GridMap" index="63" instance=ExtResource("5_fbld2")]
transform = Transform3D(0.999936, -0.0113444, 0, 0.0113444, 0.999936, 0, 0, 0, 1, -9.9807, -3.74675, -10.7035)

[node name="Torch9" parent="Scene/GridMap" index="64" instance=ExtResource("5_fbld2")]
transform = Transform3D(-0.133632, 0.00151607, -0.99103, 0.0113444, 0.999936, 2.02559e-11, 0.990966, -0.0112426, -0.13364, 0.602642, -2.58576, -7.05997)

[node name="Torch10" parent="Scene/GridMap" index="65" instance=ExtResource("5_fbld2")]
transform = Transform3D(-0.133632, 0.00151607, -0.99103, 0.0113444, 0.999936, 2.02559e-11, 0.990966, -0.0112426, -0.13364, 0.602642, -2.58576, 1.42712)

[node name="Torch28" parent="Scene/GridMap" index="66" instance=ExtResource("5_fbld2")]
transform = Transform3D(-0.133632, 0.00151607, -0.99103, 0.0113444, 0.999936, 2.02559e-11, 0.990966, -0.0112426, -0.13364, 0.602642, 4.27963, 1.42712)

[node name="Torch29" parent="Scene/GridMap" index="67" instance=ExtResource("5_fbld2")]
transform = Transform3D(-0.133632, 0.00151607, -0.99103, 0.0113444, 0.999936, 2.02559e-11, 0.990966, -0.0112426, -0.13364, 0.602642, 4.27963, -7.00023)

[node name="Torch41" parent="Scene/GridMap" index="68" instance=ExtResource("5_fbld2")]
transform = Transform3D(-0.133632, 0.00151607, -0.99103, 0.0113444, 0.999936, 2.02559e-11, 0.990966, -0.0112426, -0.13364, -77.7215, -2.01765, -3.5372)

[node name="Magma2" parent="Scene/GridMap" index="69" instance=ExtResource("3_fbld2")]
transform = Transform3D(-0.0092569, 0, -1.33081, 0, 1.60662, 0, 2.3999, 0, -0.0051332, -55.2264, -6.30507, -1.59772)

[node name="FireboyFinishDoor" parent="Scene/FinishDoors" index="0" instance=ExtResource("9_qeqk5")]
transform = Transform3D(-4.37114e-08, 0, 1, 0, 1, 0, -1, 0, -4.37114e-08, -88.6057, -11.1529, 1.78412)

[node name="WatergirlFinishDoor" parent="Scene/FinishDoors" index="1" instance=ExtResource("10_1soli")]
transform = Transform3D(-4.37114e-08, 0, 1, 0, 1, 0, -1, 0, -4.37114e-08, -88.5843, -11.1075, -3.80764)

[node name="LockableDoorWall" parent="Scene" index="4" instance=ExtResource("12_1soli")]
transform = Transform3D(-4.37114e-08, 0, -1, 0, 1, 0, 1, 0, -4.37114e-08, -6.37621, -11.1487, -3.99775)

[node name="PressurePlate" parent="Scene/LockableDoorWall" index="3" instance=ExtResource("5_pml6m")]
transform = Transform3D(-4.37114e-08, 0, 1, 0, 1, 0, -1, 0, -4.37114e-08, 9.99775, 0.148705, 9.62379)
